2.489034729955248E13
-6.0075515109791266E13
NaN
4.8159668704199994E11
1.9389058191754E13
8.146974132392002E12
NaN
NaN
NaN
8.168646560019999E11
1.1930670018834002E13
NaN
NaN
NaN
NaN
1.8504180930615E13
NaN
NaN
2.8546848877320005E12
NaN
NaN
NaN
1.7837048538015E13
8.20865346384E11
NaN
NaN
1.8125547377470002E12
NaN
NaN
6.099157783357999E12
NaN
NaN
NaN
1.9229587349380002E12
NaN
6.745621437737999E12
2.7453930864598E13
NaN
NaN
NaN
NaN
NaN
NaN
NaN
-1.9549987805121938E13
NaN
NaN
NaN
NaN
2.5743730159470005E12
NaN
2.8185928190000005E9
2.416802069714E12
2.9321459695100005E12
NaN
NaN
NaN
NaN
NaN
NaN
NaN
1.0481746674364002E13
NaN
8.227393792825999E12
NaN
NaN
1.5103857813115E13
NaN
NaN
NaN
NaN
NaN
NaN
NaN
NaN
1.848263147732E12
1.6683008787E10
NaN
2.8247456743999996E10
NaN
5.18122966362E11
NaN
3.1885319658699994E11
NaN
NaN
NaN
5.474416012999999E9
NaN
4.972500951126E12
NaN
NaN
NaN
NaN
NaN
2.5024144511659995E12
1.5582332100517998E13
-5.994911493249452E13
NaN
NaN
1.463415776414E12
NaN
NaN
NaN
NaN
1.2715930369705002E13
NaN
NaN
NaN
NaN
NaN
1.5975320096106004E13
NaN
NaN
3.6621501362501E13
4.5743649261E13
NaN
4.900130139645999E12
1.578438168812E12
3.987501435794E12
5.809488624144999E12
NaN
NaN
NaN
NaN
NaN
4.768871183000001E9
NaN
NaN
1.6389632359588E13
NaN
7.086984379272001E12
NaN
1.1820379153616E13
NaN
NaN
3.54711122854E11
NaN
NaN
6.067598558174001E12
NaN
NaN
3.1370649139E11
2.4517303278320005E12
5.411776721697E13
NaN
NaN
3.5936767512659995E12
NaN
NaN
2.2255682487596E13
NaN
NaN
NaN
NaN
NaN
NaN
NaN
5.340138534000001E9
NaN
4.632840546402399E13
1.17525732281E11
NaN
2.3576359394912E13
7.160366799826001E12
2.175973371532E12
NaN
NaN
NaN
NaN
9.976675816750001E11
NaN
NaN
1.9752302176616E13
NaN
1.448772059234E12
NaN
5.695577316701199E13
NaN
NaN
1.2769580084686002E13
NaN
NaN
2.4117946320549995E12
NaN
2.506550351409E12
1.2411273698396E13
NaN
1.2977871811200002E11
NaN
NaN
NaN
NaN
1.3387942165182002E13
NaN
NaN
NaN
NaN
NaN
5.1115875800000006E8
NaN
NaN
NaN
NaN
NaN
NaN
NaN
NaN
NaN
2.2621140244960005E12
NaN
NaN
3.9785706402599994E11
4.631731307008999E12
NaN
NaN
NaN
NaN
3.3791084536559004E13
NaN
NaN
6.952192909464001E12
NaN
1.5250856619016002E13
NaN
NaN
NaN
NaN
1.3105843414369E13
NaN
NaN
NaN
1.1122588476813998E13
NaN
NaN
NaN
7.66677586127E11
NaN
NaN
NaN
NaN
NaN
NaN
NaN
NaN
NaN
2.368809135E9
NaN
NaN
2.6274750895129996E13
4.51796357478E11
NaN
NaN
NaN
NaN
NaN
NaN
NaN
5.306755814859E12
NaN
1.581968725E9
NaN
NaN
1.2446800133000002E13
NaN
NaN
2.4831368263207E13
NaN
NaN
NaN
NaN
2.4418117854258E13
1.2594737663479998E12
NaN
NaN
NaN
6.42177904272E11
4.347066160145999E12
2.1827652896999997E11
7.598863453376002E12
1.023164492194E12
NaN
NaN
NaN
1.6088229535484002E13
NaN
NaN
1.6621369216795998E13
NaN
1.3020390450492998E13
NaN
NaN
1.63268469705E11
4.693672985516E12
2.1290490036437E13
NaN
NaN
4.1230616769052E13
5.691057364832E12
1.21323892E8
NaN
2.9834451715557E13
NaN
-1.0594965806140615E13
NaN
5.178427767221999E12
NaN
NaN
NaN
NaN
5.0092915775300006E11
NaN
NaN
NaN
NaN
2.0415895417480002E12
NaN
2.39134236594E11
2.5725329459045996E13
2.5628513919099995E12
2.73052438598E11
4.1073746844791E13
4.963436691659999E11
NaN
3.7112449669958E13
NaN
NaN
NaN
NaN
NaN
NaN
NaN
3.7975131320094E13
NaN
NaN
3.179784829192E12
4.134513756347601E13
NaN
NaN
NaN
NaN
NaN
NaN
2.318015271938E12
6.77495109822E11
NaN
1.1414617678791998E13
NaN
NaN
3.794209200480001E12
NaN
NaN
NaN
NaN
NaN
7.438291E7
NaN
NaN
NaN
NaN
NaN
NaN
NaN
4.154848604302E12
NaN
NaN
NaN
NaN
NaN
NaN
NaN
NaN
NaN
NaN
NaN
2.7137876033047996E13
NaN
NaN
NaN
NaN
NaN
NaN
NaN
1.6018992182763E13
NaN
NaN
NaN
7.351218488600002E10
1.9206929620199997E11
2.8774750442769996E13
NaN
NaN
NaN
NaN
NaN
NaN
NaN
NaN
NaN
NaN
NaN
NaN
NaN
7.242414512939999E12
NaN
9.45727782409E11
NaN
NaN
2.3773216730676E13
NaN
6.9531254853E10
NaN
NaN
NaN
NaN
NaN
NaN
6.0635617068804E13
NaN
NaN
4.129652188377E12
NaN
NaN
-5.852792909225416E12
NaN
3.2994773270960005E12
NaN
NaN
NaN
NaN
NaN
5.030836182E9
NaN
4.943388503999999E9
NaN
2.1385034704002E13
NaN
NaN
NaN
5.2272941690268E13
9.948120697654002E12
1.0530804519E10
1.254036668733E12
NaN
NaN
NaN
NaN
NaN
NaN
NaN
NaN
3227432.0
NaN
NaN
NaN
1.9058645335320002E12
NaN
1.16684012E9
NaN
NaN
NaN
2.517411330256E12
NaN
NaN
NaN
NaN
6.33869205652E11
NaN
NaN
NaN
NaN
1.092230223011E12
NaN
2.814063076636E12
NaN
1.416822220322E12
2.1970423270159993E12
2.8296814294855996E13
1.0078689944499999E12
5.702469924449E12
NaN
NaN
NaN
9.277920104320001E11
NaN
NaN
9.36826288E9
NaN
1.1036923588827998E13
NaN
7.647348289533999E12
1.9077344013157996E13
NaN
1.0735193401939E13
NaN
7.66176111879E12
NaN
9.556149789679999E11
9.679782578399998E10
NaN
NaN
NaN
2.660866245998E12
NaN
1.099844613538E13
NaN
1.645901438891E12
NaN
6.74873720877E11
NaN
NaN
9.951846696229998E12
9.029452394070001E11
NaN
NaN
NaN
NaN
NaN
NaN
NaN
1.1991937168676E13
NaN
NaN
1.6730917492850002E12
NaN
NaN
NaN
NaN
NaN
1.7634399577503004E13
NaN
NaN
NaN
NaN
NaN
NaN
NaN
1.39787115278E11
NaN
3.8438091768119995E12
NaN
NaN
NaN
NaN
NaN
NaN
NaN
NaN
1.9718083894499998E12
NaN
NaN
NaN
7.213581710167002E12
9.803838276632998E12
NaN
NaN
NaN
NaN
NaN
NaN
NaN
NaN
1.2850705312380002E12
NaN
5.699362784499999E13
NaN
NaN
NaN
NaN
2.2638045976E11
NaN
6.445634749993998E12
NaN
NaN
NaN
NaN
4.368046771542001E12
3.579832904776E12
3.037796596453E12
NaN
NaN
NaN
NaN
NaN
NaN
NaN
NaN
2.0947088805681004E13
NaN
NaN
NaN
3.6466945551934E13
2.0571050194E10
NaN
NaN
NaN
NaN
1.0765500651092E13
NaN
NaN
NaN
1.862702469976E12
NaN
NaN
3.1425265340970005E12
NaN
NaN
2.73538256E8
NaN
NaN
NaN
NaN
NaN
NaN
NaN
NaN
NaN
2.2055138659E10
NaN
NaN
NaN
NaN
NaN
2.3005685006562E13
NaN
NaN
NaN
NaN
9.28006504E8
NaN
NaN
NaN
NaN
NaN
NaN
NaN
1.82789950096E11
3.000146163043E12
NaN
NaN
NaN
NaN
NaN
NaN
1.3082990603573E13
NaN
NaN
NaN
NaN
NaN
NaN
NaN
NaN
NaN
NaN
NaN
NaN
NaN
NaN
NaN
5.516123200721E12
NaN
1.7276849634755998E13
7.80237042003E11
NaN
NaN
6.97327577634E12
2.8977555205020005E12
NaN
NaN
NaN
NaN
2.4224788745020005E12
NaN
NaN
1.0455198346429999E12
NaN
3.7528715760899994E11
3.0218683281780005E12
2.7086905075803E13
8.163038514680001E11
NaN
1.4658434572E11
NaN
NaN
3.862501395560701E13
NaN
NaN
NaN
NaN
NaN
NaN
NaN
NaN
4.61564994519E11
NaN
NaN
1.613004994E9
3.9753890423199994E11
7.537985831950999E12
NaN
NaN
NaN
NaN
NaN
NaN
1.3100145108613998E13
3.6662703056000005E12
NaN
NaN
NaN
NaN
NaN
NaN
1.5729163705957002E13
NaN
1.6970632852379998E12
NaN
NaN
8.398719947598001E12
7.481139845000001E9
1.7651942859449998E12
NaN
NaN
NaN
7.156567190559999E11
NaN
NaN
NaN
1.6420048021369998E12
NaN
NaN
NaN
NaN
NaN
NaN
4.1862616828818E13
NaN
NaN
NaN
NaN
NaN
3.5222961014E10
4.0453344478200006E11
NaN
1.775510709802E13
NaN
NaN
NaN
NaN
NaN
NaN
5.99818411777E11
NaN
NaN
NaN
NaN
1.7330467322459998E12
NaN
2.5013758358778E13
NaN
NaN
NaN
NaN
NaN
NaN
1.0314919387364E13
NaN
NaN
NaN
NaN
NaN
1.5748118128187004E13
NaN
NaN
NaN
NaN
NaN
NaN
NaN
NaN
NaN
NaN
NaN
NaN
NaN
NaN
NaN
NaN
NaN
NaN
NaN
6.477475136990798E13
NaN
4.6302722433368E13
1.3101581042039998E13
4.789832819914E12
NaN
NaN
NaN
NaN
NaN
5.097015477735999E12
NaN
NaN
NaN
NaN
NaN
NaN
1.452655573029E13
NaN
3.2098403108499994E11
NaN
NaN
1.2152172020719998E12
NaN
NaN
1.113087962014E12
NaN
2.143082088658E12
3.485691246200001E10
NaN
NaN
NaN
NaN
1.74109124546E11
NaN
NaN
NaN
2.49638466655E11
8.865871111802998E12
NaN
2.8446078194019995E12
NaN
7.36823875939E12
NaN
NaN
NaN
5.2901027948E10
NaN
NaN
NaN
NaN
2.4491358061199997E11
NaN
NaN
NaN
5.5725487158E12
4.9081631985499994E11
NaN
2.9809947622396996E13
8.633838420390001E12
NaN
NaN
NaN
NaN
3.910251339793999E12
NaN
NaN
5.93814388197E11
NaN
NaN
NaN
3.0178871691822E13
NaN
3.3057496398E10
NaN
NaN
2.8823644600000005E9
8.904608564E9
2.6123904417683008E13
NaN
NaN
NaN
4.278967171297999E12
NaN
NaN
NaN
NaN
9.015870155199998E10
NaN
NaN
NaN
NaN
NaN
NaN
NaN
1.2019661597952004E13
NaN
NaN
NaN
NaN
NaN
NaN
NaN
NaN
NaN
NaN
NaN
NaN
1.794482152E9
NaN
NaN
NaN
NaN
NaN
3.894160545942E12
NaN
1.1534702985900002E11
NaN
8.895807955571998E12
NaN
NaN
5.0018754047E11
NaN
NaN
NaN
NaN
1.6840887631399997E11
NaN
NaN
NaN
NaN
NaN
NaN
NaN
NaN
NaN
NaN
NaN
NaN
NaN
NaN
2.6320379399099995E12
NaN
NaN
NaN
NaN
NaN
NaN
NaN
1.199781882108E12
NaN
NaN
NaN
NaN
5.894168364612001E12
NaN
NaN
NaN
NaN
NaN
NaN
NaN
NaN
NaN
NaN
9.256931120071002E12
NaN
NaN
4.4750634531700006E11
NaN
NaN
NaN
NaN
NaN
4.9